/*--------------------------------*- C++ -*----------------------------------*\
| =========                 |                                                 |
| \\      /  F ield         | OpenFOAM: The Open Source CFD Toolbox           |
|  \\    /   O peration     | Version:  2212                                  |
|   \\  /    A nd           | Website:  www.openfoam.com                      |
|    \\/     M anipulation  |                                                 |
\*---------------------------------------------------------------------------*/
FoamFile
{
    version     2.0;
    format      ascii;
    arch        "LSB;label=32;scalar=64";
    class       volScalarField;
    location    "0";
    object      T;
}
// * * * * * * * * * * * * * * * * * * * * * * * * * * * * * * * * * * * * * //

dimensions      [0 0 0 1 0 0 0];

internalField   uniform 1685;

boundaryField
{
    freeSurf
    {
        type            fixedGradient;
        gradient        nonuniform List<scalar> 
1600
(
-0.54890566
-0.54890566
-0.54890566
-0.54890566
-0.54890566
-0.54890566
-0.54890566
-0.54890566
-0.54890566
-0.54890566
-1.9995464
-1.9995464
-1.9995464
-1.9995464
-1.9995464
-1.9995464
-1.9995464
-1.9995464
-1.9995464
-1.9995464
-3.4739024
-3.4739024
-3.4739024
-3.4739024
-3.4739024
-3.4739024
-3.4739024
-3.4739024
-3.4739024
-3.4739024
-5.013634
-5.013634
-5.013634
-5.013634
-5.013634
-5.013634
-5.013634
-5.013634
-5.013634
-5.013634
-6.5654493
-6.5654493
-6.5654493
-6.5654493
-6.5654493
-6.5654493
-6.5654493
-6.5654493
-6.5654493
-6.5654493
-8.1832404
-8.1832404
-8.1832404
-8.1832404
-8.1832404
-8.1832404
-8.1832404
-8.1832404
-8.1832404
-8.1832404
-9.80399
-9.80399
-9.80399
-9.80399
-9.80399
-9.80399
-9.80399
-9.80399
-9.80399
-9.80399
-11.491207
-11.491207
-11.491207
-11.491207
-11.491207
-11.491207
-11.491207
-11.491207
-11.491207
-11.491207
-13.178426
-13.178426
-13.178426
-13.178426
-13.178426
-13.178426
-13.178426
-13.178426
-13.178426
-13.178426
-14.919914
-14.919914
-14.919914
-14.919914
-14.919914
-14.919914
-14.919914
-14.919914
-14.919914
-14.919914
-16.665415
-16.665415
-16.665415
-16.665415
-16.665415
-16.665415
-16.665415
-16.665415
-16.665415
-16.665415
-18.451655
-18.451655
-18.451655
-18.451655
-18.451655
-18.451655
-18.451655
-18.451655
-18.451655
-18.451655
-20.246899
-20.246899
-20.246899
-20.246899
-20.246899
-20.246899
-20.246899
-20.246899
-20.246899
-20.246899
-22.0694
-22.0694
-22.0694
-22.0694
-22.0694
-22.0694
-22.0694
-22.0694
-22.0694
-22.0694
-23.903162
-23.903162
-23.903162
-23.903162
-23.903162
-23.903162
-23.903162
-23.903162
-23.903162
-23.903162
-25.754396
-25.754396
-25.754396
-25.754396
-25.754396
-25.754396
-25.754396
-25.754396
-25.754396
-25.754396
-27.617499
-27.617499
-27.617499
-27.617499
-27.617499
-27.617499
-27.617499
-27.617499
-27.617499
-27.617499
-29.490362
-29.490362
-29.490362
-29.490362
-29.490362
-29.490362
-29.490362
-29.490362
-29.490362
-29.490362
-31.373658
-31.373658
-31.373658
-31.373658
-31.373658
-31.373658
-31.373658
-31.373658
-31.373658
-31.373658
-33.260267
-33.260267
-33.260267
-33.260267
-33.260267
-33.260267
-33.260267
-33.260267
-33.260267
-33.260267
-35.152465
-35.152465
-35.152465
-35.152465
-35.152465
-35.152465
-35.152465
-35.152465
-35.152465
-35.152465
-37.044788
-37.044788
-37.044788
-37.044788
-37.044788
-37.044788
-37.044788
-37.044788
-37.044788
-37.044788
-38.937462
-38.937462
-38.937462
-38.937462
-38.937462
-38.937462
-38.937462
-38.937462
-38.937462
-38.937462
-40.82853
-40.82853
-40.82853
-40.82853
-40.82853
-40.82853
-40.82853
-40.82853
-40.82853
-40.82853
-42.71038
-42.71038
-42.71038
-42.71038
-42.71038
-42.71038
-42.71038
-42.71038
-42.71038
-42.71038
-44.591507
-44.591507
-44.591507
-44.591507
-44.591507
-44.591507
-44.591507
-44.591507
-44.591507
-44.591507
-46.453392
-46.453392
-46.453392
-46.453392
-46.453392
-46.453392
-46.453392
-46.453392
-46.453392
-46.453392
-48.315277
-48.315277
-48.315277
-48.315277
-48.315277
-48.315277
-48.315277
-48.315277
-48.315277
-48.315277
-50.150241
-50.150241
-50.150241
-50.150241
-50.150241
-50.150241
-50.150241
-50.150241
-50.150241
-50.150241
-51.982995
-51.982995
-51.982995
-51.982995
-51.982995
-51.982995
-51.982995
-51.982995
-51.982995
-51.982995
-53.782925
-53.782925
-53.782925
-53.782925
-53.782925
-53.782925
-53.782925
-53.782925
-53.782925
-53.782925
-55.575294
-55.575294
-55.575294
-55.575294
-55.575294
-55.575294
-55.575294
-55.575294
-55.575294
-55.575294
-57.333411
-57.333411
-57.333411
-57.333411
-57.333411
-57.333411
-57.333411
-57.333411
-57.333411
-57.333411
-59.076894
-59.076894
-59.076894
-59.076894
-59.076894
-59.076894
-59.076894
-59.076894
-59.076894
-59.076894
-60.784976
-60.784976
-60.784976
-60.784976
-60.784976
-60.784976
-60.784976
-60.784976
-60.784976
-60.784976
-62.468385
-62.468385
-62.468385
-62.468385
-62.468385
-62.468385
-62.468385
-62.468385
-62.468385
-62.468385
-64.119034
-64.119034
-64.119034
-64.119034
-64.119034
-64.119034
-64.119034
-64.119034
-64.119034
-64.119034
-65.733785
-65.733785
-65.733785
-65.733785
-65.733785
-65.733785
-65.733785
-65.733785
-65.733785
-65.733785
-67.319365
-67.319365
-67.319365
-67.319365
-67.319365
-67.319365
-67.319365
-67.319365
-67.319365
-67.319365
-68.854369
-68.854369
-68.854369
-68.854369
-68.854369
-68.854369
-68.854369
-68.854369
-68.854369
-68.854369
-0.54890566
-0.54890566
-0.54890566
-0.54890566
-0.54890566
-0.54890566
-0.54890566
-0.54890566
-0.54890566
-0.54890566
-1.9995464
-1.9995464
-1.9995464
-1.9995464
-1.9995464
-1.9995464
-1.9995464
-1.9995464
-1.9995464
-1.9995464
-3.4739024
-3.4739024
-3.4739024
-3.4739024
-3.4739024
-3.4739024
-3.4739024
-3.4739024
-3.4739024
-3.4739024
-5.013634
-5.013634
-5.013634
-5.013634
-5.013634
-5.013634
-5.013634
-5.013634
-5.013634
-5.013634
-6.5654493
-6.5654493
-6.5654493
-6.5654493
-6.5654493
-6.5654493
-6.5654493
-6.5654493
-6.5654493
-6.5654493
-8.1832404
-8.1832404
-8.1832404
-8.1832404
-8.1832404
-8.1832404
-8.1832404
-8.1832404
-8.1832404
-8.1832404
-9.80399
-9.80399
-9.80399
-9.80399
-9.80399
-9.80399
-9.80399
-9.80399
-9.80399
-9.80399
-11.491207
-11.491207
-11.491207
-11.491207
-11.491207
-11.491207
-11.491207
-11.491207
-11.491207
-11.491207
-13.178426
-13.178426
-13.178426
-13.178426
-13.178426
-13.178426
-13.178426
-13.178426
-13.178426
-13.178426
-14.919914
-14.919914
-14.919914
-14.919914
-14.919914
-14.919914
-14.919914
-14.919914
-14.919914
-14.919914
-16.665415
-16.665415
-16.665415
-16.665415
-16.665415
-16.665415
-16.665415
-16.665415
-16.665415
-16.665415
-18.451655
-18.451655
-18.451655
-18.451655
-18.451655
-18.451655
-18.451655
-18.451655
-18.451655
-18.451655
-20.246899
-20.246899
-20.246899
-20.246899
-20.246899
-20.246899
-20.246899
-20.246899
-20.246899
-20.246899
-22.0694
-22.0694
-22.0694
-22.0694
-22.0694
-22.0694
-22.0694
-22.0694
-22.0694
-22.0694
-23.903162
-23.903162
-23.903162
-23.903162
-23.903162
-23.903162
-23.903162
-23.903162
-23.903162
-23.903162
-25.754396
-25.754396
-25.754396
-25.754396
-25.754396
-25.754396
-25.754396
-25.754396
-25.754396
-25.754396
-27.617499
-27.617499
-27.617499
-27.617499
-27.617499
-27.617499
-27.617499
-27.617499
-27.617499
-27.617499
-29.490362
-29.490362
-29.490362
-29.490362
-29.490362
-29.490362
-29.490362
-29.490362
-29.490362
-29.490362
-31.373658
-31.373658
-31.373658
-31.373658
-31.373658
-31.373658
-31.373658
-31.373658
-31.373658
-31.373658
-33.260267
-33.260267
-33.260267
-33.260267
-33.260267
-33.260267
-33.260267
-33.260267
-33.260267
-33.260267
-35.152465
-35.152465
-35.152465
-35.152465
-35.152465
-35.152465
-35.152465
-35.152465
-35.152465
-35.152465
-37.044788
-37.044788
-37.044788
-37.044788
-37.044788
-37.044788
-37.044788
-37.044788
-37.044788
-37.044788
-38.937462
-38.937462
-38.937462
-38.937462
-38.937462
-38.937462
-38.937462
-38.937462
-38.937462
-38.937462
-40.82853
-40.82853
-40.82853
-40.82853
-40.82853
-40.82853
-40.82853
-40.82853
-40.82853
-40.82853
-42.71038
-42.71038
-42.71038
-42.71038
-42.71038
-42.71038
-42.71038
-42.71038
-42.71038
-42.71038
-44.591507
-44.591507
-44.591507
-44.591507
-44.591507
-44.591507
-44.591507
-44.591507
-44.591507
-44.591507
-46.453392
-46.453392
-46.453392
-46.453392
-46.453392
-46.453392
-46.453392
-46.453392
-46.453392
-46.453392
-48.315277
-48.315277
-48.315277
-48.315277
-48.315277
-48.315277
-48.315277
-48.315277
-48.315277
-48.315277
-50.150241
-50.150241
-50.150241
-50.150241
-50.150241
-50.150241
-50.150241
-50.150241
-50.150241
-50.150241
-51.982995
-51.982995
-51.982995
-51.982995
-51.982995
-51.982995
-51.982995
-51.982995
-51.982995
-51.982995
-53.782925
-53.782925
-53.782925
-53.782925
-53.782925
-53.782925
-53.782925
-53.782925
-53.782925
-53.782925
-55.575294
-55.575294
-55.575294
-55.575294
-55.575294
-55.575294
-55.575294
-55.575294
-55.575294
-55.575294
-57.333411
-57.333411
-57.333411
-57.333411
-57.333411
-57.333411
-57.333411
-57.333411
-57.333411
-57.333411
-59.076894
-59.076894
-59.076894
-59.076894
-59.076894
-59.076894
-59.076894
-59.076894
-59.076894
-59.076894
-60.784976
-60.784976
-60.784976
-60.784976
-60.784976
-60.784976
-60.784976
-60.784976
-60.784976
-60.784976
-62.468385
-62.468385
-62.468385
-62.468385
-62.468385
-62.468385
-62.468385
-62.468385
-62.468385
-62.468385
-64.119034
-64.119034
-64.119034
-64.119034
-64.119034
-64.119034
-64.119034
-64.119034
-64.119034
-64.119034
-65.733785
-65.733785
-65.733785
-65.733785
-65.733785
-65.733785
-65.733785
-65.733785
-65.733785
-65.733785
-67.319365
-67.319365
-67.319365
-67.319365
-67.319365
-67.319365
-67.319365
-67.319365
-67.319365
-67.319365
-68.854369
-68.854369
-68.854369
-68.854369
-68.854369
-68.854369
-68.854369
-68.854369
-68.854369
-68.854369
-0.54890566
-0.54890566
-0.54890566
-0.54890566
-0.54890566
-0.54890566
-0.54890566
-0.54890566
-0.54890566
-0.54890566
-1.9995464
-1.9995464
-1.9995464
-1.9995464
-1.9995464
-1.9995464
-1.9995464
-1.9995464
-1.9995464
-1.9995464
-3.4739024
-3.4739024
-3.4739024
-3.4739024
-3.4739024
-3.4739024
-3.4739024
-3.4739024
-3.4739024
-3.4739024
-5.013634
-5.013634
-5.013634
-5.013634
-5.013634
-5.013634
-5.013634
-5.013634
-5.013634
-5.013634
-6.5654493
-6.5654493
-6.5654493
-6.5654493
-6.5654493
-6.5654493
-6.5654493
-6.5654493
-6.5654493
-6.5654493
-8.1832404
-8.1832404
-8.1832404
-8.1832404
-8.1832404
-8.1832404
-8.1832404
-8.1832404
-8.1832404
-8.1832404
-9.80399
-9.80399
-9.80399
-9.80399
-9.80399
-9.80399
-9.80399
-9.80399
-9.80399
-9.80399
-11.491207
-11.491207
-11.491207
-11.491207
-11.491207
-11.491207
-11.491207
-11.491207
-11.491207
-11.491207
-13.178426
-13.178426
-13.178426
-13.178426
-13.178426
-13.178426
-13.178426
-13.178426
-13.178426
-13.178426
-14.919914
-14.919914
-14.919914
-14.919914
-14.919914
-14.919914
-14.919914
-14.919914
-14.919914
-14.919914
-16.665415
-16.665415
-16.665415
-16.665415
-16.665415
-16.665415
-16.665415
-16.665415
-16.665415
-16.665415
-18.451655
-18.451655
-18.451655
-18.451655
-18.451655
-18.451655
-18.451655
-18.451655
-18.451655
-18.451655
-20.246899
-20.246899
-20.246899
-20.246899
-20.246899
-20.246899
-20.246899
-20.246899
-20.246899
-20.246899
-22.0694
-22.0694
-22.0694
-22.0694
-22.0694
-22.0694
-22.0694
-22.0694
-22.0694
-22.0694
-23.903162
-23.903162
-23.903162
-23.903162
-23.903162
-23.903162
-23.903162
-23.903162
-23.903162
-23.903162
-25.754396
-25.754396
-25.754396
-25.754396
-25.754396
-25.754396
-25.754396
-25.754396
-25.754396
-25.754396
-27.617499
-27.617499
-27.617499
-27.617499
-27.617499
-27.617499
-27.617499
-27.617499
-27.617499
-27.617499
-29.490362
-29.490362
-29.490362
-29.490362
-29.490362
-29.490362
-29.490362
-29.490362
-29.490362
-29.490362
-31.373658
-31.373658
-31.373658
-31.373658
-31.373658
-31.373658
-31.373658
-31.373658
-31.373658
-31.373658
-33.260267
-33.260267
-33.260267
-33.260267
-33.260267
-33.260267
-33.260267
-33.260267
-33.260267
-33.260267
-35.152465
-35.152465
-35.152465
-35.152465
-35.152465
-35.152465
-35.152465
-35.152465
-35.152465
-35.152465
-37.044788
-37.044788
-37.044788
-37.044788
-37.044788
-37.044788
-37.044788
-37.044788
-37.044788
-37.044788
-38.937462
-38.937462
-38.937462
-38.937462
-38.937462
-38.937462
-38.937462
-38.937462
-38.937462
-38.937462
-40.82853
-40.82853
-40.82853
-40.82853
-40.82853
-40.82853
-40.82853
-40.82853
-40.82853
-40.82853
-42.71038
-42.71038
-42.71038
-42.71038
-42.71038
-42.71038
-42.71038
-42.71038
-42.71038
-42.71038
-44.591507
-44.591507
-44.591507
-44.591507
-44.591507
-44.591507
-44.591507
-44.591507
-44.591507
-44.591507
-46.453392
-46.453392
-46.453392
-46.453392
-46.453392
-46.453392
-46.453392
-46.453392
-46.453392
-46.453392
-48.315277
-48.315277
-48.315277
-48.315277
-48.315277
-48.315277
-48.315277
-48.315277
-48.315277
-48.315277
-50.150241
-50.150241
-50.150241
-50.150241
-50.150241
-50.150241
-50.150241
-50.150241
-50.150241
-50.150241
-51.982995
-51.982995
-51.982995
-51.982995
-51.982995
-51.982995
-51.982995
-51.982995
-51.982995
-51.982995
-53.782925
-53.782925
-53.782925
-53.782925
-53.782925
-53.782925
-53.782925
-53.782925
-53.782925
-53.782925
-55.575294
-55.575294
-55.575294
-55.575294
-55.575294
-55.575294
-55.575294
-55.575294
-55.575294
-55.575294
-57.333411
-57.333411
-57.333411
-57.333411
-57.333411
-57.333411
-57.333411
-57.333411
-57.333411
-57.333411
-59.076894
-59.076894
-59.076894
-59.076894
-59.076894
-59.076894
-59.076894
-59.076894
-59.076894
-59.076894
-60.784976
-60.784976
-60.784976
-60.784976
-60.784976
-60.784976
-60.784976
-60.784976
-60.784976
-60.784976
-62.468385
-62.468385
-62.468385
-62.468385
-62.468385
-62.468385
-62.468385
-62.468385
-62.468385
-62.468385
-64.119034
-64.119034
-64.119034
-64.119034
-64.119034
-64.119034
-64.119034
-64.119034
-64.119034
-64.119034
-65.733785
-65.733785
-65.733785
-65.733785
-65.733785
-65.733785
-65.733785
-65.733785
-65.733785
-65.733785
-67.319365
-67.319365
-67.319365
-67.319365
-67.319365
-67.319365
-67.319365
-67.319365
-67.319365
-67.319365
-68.854369
-68.854369
-68.854369
-68.854369
-68.854369
-68.854369
-68.854369
-68.854369
-68.854369
-68.854369
-0.54890566
-0.54890566
-0.54890566
-0.54890566
-0.54890566
-0.54890566
-0.54890566
-0.54890566
-0.54890566
-0.54890566
-1.9995464
-1.9995464
-1.9995464
-1.9995464
-1.9995464
-1.9995464
-1.9995464
-1.9995464
-1.9995464
-1.9995464
-3.4739024
-3.4739024
-3.4739024
-3.4739024
-3.4739024
-3.4739024
-3.4739024
-3.4739024
-3.4739024
-3.4739024
-5.013634
-5.013634
-5.013634
-5.013634
-5.013634
-5.013634
-5.013634
-5.013634
-5.013634
-5.013634
-6.5654493
-6.5654493
-6.5654493
-6.5654493
-6.5654493
-6.5654493
-6.5654493
-6.5654493
-6.5654493
-6.5654493
-8.1832404
-8.1832404
-8.1832404
-8.1832404
-8.1832404
-8.1832404
-8.1832404
-8.1832404
-8.1832404
-8.1832404
-9.80399
-9.80399
-9.80399
-9.80399
-9.80399
-9.80399
-9.80399
-9.80399
-9.80399
-9.80399
-11.491207
-11.491207
-11.491207
-11.491207
-11.491207
-11.491207
-11.491207
-11.491207
-11.491207
-11.491207
-13.178426
-13.178426
-13.178426
-13.178426
-13.178426
-13.178426
-13.178426
-13.178426
-13.178426
-13.178426
-14.919914
-14.919914
-14.919914
-14.919914
-14.919914
-14.919914
-14.919914
-14.919914
-14.919914
-14.919914
-16.665415
-16.665415
-16.665415
-16.665415
-16.665415
-16.665415
-16.665415
-16.665415
-16.665415
-16.665415
-18.451655
-18.451655
-18.451655
-18.451655
-18.451655
-18.451655
-18.451655
-18.451655
-18.451655
-18.451655
-20.246899
-20.246899
-20.246899
-20.246899
-20.246899
-20.246899
-20.246899
-20.246899
-20.246899
-20.246899
-22.0694
-22.0694
-22.0694
-22.0694
-22.0694
-22.0694
-22.0694
-22.0694
-22.0694
-22.0694
-23.903162
-23.903162
-23.903162
-23.903162
-23.903162
-23.903162
-23.903162
-23.903162
-23.903162
-23.903162
-25.754396
-25.754396
-25.754396
-25.754396
-25.754396
-25.754396
-25.754396
-25.754396
-25.754396
-25.754396
-27.617499
-27.617499
-27.617499
-27.617499
-27.617499
-27.617499
-27.617499
-27.617499
-27.617499
-27.617499
-29.490362
-29.490362
-29.490362
-29.490362
-29.490362
-29.490362
-29.490362
-29.490362
-29.490362
-29.490362
-31.373658
-31.373658
-31.373658
-31.373658
-31.373658
-31.373658
-31.373658
-31.373658
-31.373658
-31.373658
-33.260267
-33.260267
-33.260267
-33.260267
-33.260267
-33.260267
-33.260267
-33.260267
-33.260267
-33.260267
-35.152465
-35.152465
-35.152465
-35.152465
-35.152465
-35.152465
-35.152465
-35.152465
-35.152465
-35.152465
-37.044788
-37.044788
-37.044788
-37.044788
-37.044788
-37.044788
-37.044788
-37.044788
-37.044788
-37.044788
-38.937462
-38.937462
-38.937462
-38.937462
-38.937462
-38.937462
-38.937462
-38.937462
-38.937462
-38.937462
-40.82853
-40.82853
-40.82853
-40.82853
-40.82853
-40.82853
-40.82853
-40.82853
-40.82853
-40.82853
-42.71038
-42.71038
-42.71038
-42.71038
-42.71038
-42.71038
-42.71038
-42.71038
-42.71038
-42.71038
-44.591507
-44.591507
-44.591507
-44.591507
-44.591507
-44.591507
-44.591507
-44.591507
-44.591507
-44.591507
-46.453392
-46.453392
-46.453392
-46.453392
-46.453392
-46.453392
-46.453392
-46.453392
-46.453392
-46.453392
-48.315277
-48.315277
-48.315277
-48.315277
-48.315277
-48.315277
-48.315277
-48.315277
-48.315277
-48.315277
-50.150241
-50.150241
-50.150241
-50.150241
-50.150241
-50.150241
-50.150241
-50.150241
-50.150241
-50.150241
-51.982995
-51.982995
-51.982995
-51.982995
-51.982995
-51.982995
-51.982995
-51.982995
-51.982995
-51.982995
-53.782925
-53.782925
-53.782925
-53.782925
-53.782925
-53.782925
-53.782925
-53.782925
-53.782925
-53.782925
-55.575294
-55.575294
-55.575294
-55.575294
-55.575294
-55.575294
-55.575294
-55.575294
-55.575294
-55.575294
-57.333411
-57.333411
-57.333411
-57.333411
-57.333411
-57.333411
-57.333411
-57.333411
-57.333411
-57.333411
-59.076894
-59.076894
-59.076894
-59.076894
-59.076894
-59.076894
-59.076894
-59.076894
-59.076894
-59.076894
-60.784976
-60.784976
-60.784976
-60.784976
-60.784976
-60.784976
-60.784976
-60.784976
-60.784976
-60.784976
-62.468385
-62.468385
-62.468385
-62.468385
-62.468385
-62.468385
-62.468385
-62.468385
-62.468385
-62.468385
-64.119034
-64.119034
-64.119034
-64.119034
-64.119034
-64.119034
-64.119034
-64.119034
-64.119034
-64.119034
-65.733785
-65.733785
-65.733785
-65.733785
-65.733785
-65.733785
-65.733785
-65.733785
-65.733785
-65.733785
-67.319365
-67.319365
-67.319365
-67.319365
-67.319365
-67.319365
-67.319365
-67.319365
-67.319365
-67.319365
-68.854369
-68.854369
-68.854369
-68.854369
-68.854369
-68.854369
-68.854369
-68.854369
-68.854369
-68.854369
)
;
    }
    crysSurf
    {
        type            fixedValue;
        value           uniform 1685;
    }
    side
    {
        type            fixedGradient;
        gradient        nonuniform List<scalar> 
1600
(
-1.4933802
-1.4933802
-1.4933802
-1.4933802
-1.4933802
-1.4933802
-1.4933802
-1.4933802
-1.4933802
-1.4933802
0.44497619
0.44497619
0.44497619
0.44497619
0.44497619
0.44497619
0.44497619
0.44497619
0.44497619
0.44497619
2.2422843
2.2422843
2.2422843
2.2422843
2.2422843
2.2422843
2.2422843
2.2422843
2.2422843
2.2422843
3.6535117
3.6535117
3.6535117
3.6535117
3.6535117
3.6535117
3.6535117
3.6535117
3.6535117
3.6535117
4.9767395
4.9767395
4.9767395
4.9767395
4.9767395
4.9767395
4.9767395
4.9767395
4.9767395
4.9767395
5.8989104
5.8989104
5.8989104
5.8989104
5.8989104
5.8989104
5.8989104
5.8989104
5.8989104
5.8989104
6.7795571
6.7795571
6.7795571
6.7795571
6.7795571
6.7795571
6.7795571
6.7795571
6.7795571
6.7795571
7.2527639
7.2527639
7.2527639
7.2527639
7.2527639
7.2527639
7.2527639
7.2527639
7.2527639
7.2527639
7.7160351
7.7160351
7.7160351
7.7160351
7.7160351
7.7160351
7.7160351
7.7160351
7.7160351
7.7160351
7.7866896
7.7866896
7.7866896
7.7866896
7.7866896
7.7866896
7.7866896
7.7866896
7.7866896
7.7866896
7.8550554
7.8550554
7.8550554
7.8550554
7.8550554
7.8550554
7.8550554
7.8550554
7.8550554
7.8550554
7.5716748
7.5716748
7.5716748
7.5716748
7.5716748
7.5716748
7.5716748
7.5716748
7.5716748
7.5716748
7.2852596
7.2852596
7.2852596
7.2852596
7.2852596
7.2852596
7.2852596
7.2852596
7.2852596
7.2852596
6.6785952
6.6785952
6.6785952
6.6785952
6.6785952
6.6785952
6.6785952
6.6785952
6.6785952
6.6785952
6.0607785
6.0607785
6.0607785
6.0607785
6.0607785
6.0607785
6.0607785
6.0607785
6.0607785
6.0607785
5.1782925
5.1782925
5.1782925
5.1782925
5.1782925
5.1782925
5.1782925
5.1782925
5.1782925
5.1782925
4.2659769
4.2659769
4.2659769
4.2659769
4.2659769
4.2659769
4.2659769
4.2659769
4.2659769
4.2659769
3.1414778
3.1414778
3.1414778
3.1414778
3.1414778
3.1414778
3.1414778
3.1414778
3.1414778
3.1414778
1.9741882
1.9741882
1.9741882
1.9741882
1.9741882
1.9741882
1.9741882
1.9741882
1.9741882
1.9741882
0.63881926
0.63881926
0.63881926
0.63881926
0.63881926
0.63881926
0.63881926
0.63881926
0.63881926
0.63881926
-0.74269726
-0.74269726
-0.74269726
-0.74269726
-0.74269726
-0.74269726
-0.74269726
-0.74269726
-0.74269726
-0.74269726
-2.2593541
-2.2593541
-2.2593541
-2.2593541
-2.2593541
-2.2593541
-2.2593541
-2.2593541
-2.2593541
-2.2593541
-3.8141943
-3.8141943
-3.8141943
-3.8141943
-3.8141943
-3.8141943
-3.8141943
-3.8141943
-3.8141943
-3.8141943
-5.4844191
-5.4844191
-5.4844191
-5.4844191
-5.4844191
-5.4844191
-5.4844191
-5.4844191
-5.4844191
-5.4844191
-7.1693628
-7.1693628
-7.1693628
-7.1693628
-7.1693628
-7.1693628
-7.1693628
-7.1693628
-7.1693628
-7.1693628
-8.9688417
-8.9688417
-8.9688417
-8.9688417
-8.9688417
-8.9688417
-8.9688417
-8.9688417
-8.9688417
-8.9688417
-10.73718
-10.73718
-10.73718
-10.73718
-10.73718
-10.73718
-10.73718
-10.73718
-10.73718
-10.73718
-12.653106
-12.653106
-12.653106
-12.653106
-12.653106
-12.653106
-12.653106
-12.653106
-12.653106
-12.653106
-14.446795
-14.446795
-14.446795
-14.446795
-14.446795
-14.446795
-14.446795
-14.446795
-14.446795
-14.446795
-16.506427
-16.506427
-16.506427
-16.506427
-16.506427
-16.506427
-16.506427
-16.506427
-16.506427
-16.506427
-18.227368
-18.227368
-18.227368
-18.227368
-18.227368
-18.227368
-18.227368
-18.227368
-18.227368
-18.227368
-20.005919
-20.005919
-20.005919
-20.005919
-20.005919
-20.005919
-20.005919
-20.005919
-20.005919
-20.005919
-22.007739
-22.007739
-22.007739
-22.007739
-22.007739
-22.007739
-22.007739
-22.007739
-22.007739
-22.007739
-23.819785
-23.819785
-23.819785
-23.819785
-23.819785
-23.819785
-23.819785
-23.819785
-23.819785
-23.819785
-25.717337
-25.717337
-25.717337
-25.717337
-25.717337
-25.717337
-25.717337
-25.717337
-25.717337
-25.717337
-27.491519
-27.491519
-27.491519
-27.491519
-27.491519
-27.491519
-27.491519
-27.491519
-27.491519
-27.491519
-29.285827
-29.285827
-29.285827
-29.285827
-29.285827
-29.285827
-29.285827
-29.285827
-29.285827
-29.285827
-30.971157
-30.971157
-30.971157
-30.971157
-30.971157
-30.971157
-30.971157
-30.971157
-30.971157
-30.971157
-32.64196
-32.64196
-32.64196
-32.64196
-32.64196
-32.64196
-32.64196
-32.64196
-32.64196
-32.64196
-34.194
-34.194
-34.194
-34.194
-34.194
-34.194
-34.194
-34.194
-34.194
-34.194
-1.4933802
-1.4933802
-1.4933802
-1.4933802
-1.4933802
-1.4933802
-1.4933802
-1.4933802
-1.4933802
-1.4933802
0.44497619
0.44497619
0.44497619
0.44497619
0.44497619
0.44497619
0.44497619
0.44497619
0.44497619
0.44497619
2.2422843
2.2422843
2.2422843
2.2422843
2.2422843
2.2422843
2.2422843
2.2422843
2.2422843
2.2422843
3.6535117
3.6535117
3.6535117
3.6535117
3.6535117
3.6535117
3.6535117
3.6535117
3.6535117
3.6535117
4.9767395
4.9767395
4.9767395
4.9767395
4.9767395
4.9767395
4.9767395
4.9767395
4.9767395
4.9767395
5.8989104
5.8989104
5.8989104
5.8989104
5.8989104
5.8989104
5.8989104
5.8989104
5.8989104
5.8989104
6.7795571
6.7795571
6.7795571
6.7795571
6.7795571
6.7795571
6.7795571
6.7795571
6.7795571
6.7795571
7.2527639
7.2527639
7.2527639
7.2527639
7.2527639
7.2527639
7.2527639
7.2527639
7.2527639
7.2527639
7.7160351
7.7160351
7.7160351
7.7160351
7.7160351
7.7160351
7.7160351
7.7160351
7.7160351
7.7160351
7.7866896
7.7866896
7.7866896
7.7866896
7.7866896
7.7866896
7.7866896
7.7866896
7.7866896
7.7866896
7.8550554
7.8550554
7.8550554
7.8550554
7.8550554
7.8550554
7.8550554
7.8550554
7.8550554
7.8550554
7.5716748
7.5716748
7.5716748
7.5716748
7.5716748
7.5716748
7.5716748
7.5716748
7.5716748
7.5716748
7.2852596
7.2852596
7.2852596
7.2852596
7.2852596
7.2852596
7.2852596
7.2852596
7.2852596
7.2852596
6.6785952
6.6785952
6.6785952
6.6785952
6.6785952
6.6785952
6.6785952
6.6785952
6.6785952
6.6785952
6.0607785
6.0607785
6.0607785
6.0607785
6.0607785
6.0607785
6.0607785
6.0607785
6.0607785
6.0607785
5.1782925
5.1782925
5.1782925
5.1782925
5.1782925
5.1782925
5.1782925
5.1782925
5.1782925
5.1782925
4.2659769
4.2659769
4.2659769
4.2659769
4.2659769
4.2659769
4.2659769
4.2659769
4.2659769
4.2659769
3.1414778
3.1414778
3.1414778
3.1414778
3.1414778
3.1414778
3.1414778
3.1414778
3.1414778
3.1414778
1.9741882
1.9741882
1.9741882
1.9741882
1.9741882
1.9741882
1.9741882
1.9741882
1.9741882
1.9741882
0.63881926
0.63881926
0.63881926
0.63881926
0.63881926
0.63881926
0.63881926
0.63881926
0.63881926
0.63881926
-0.74269726
-0.74269726
-0.74269726
-0.74269726
-0.74269726
-0.74269726
-0.74269726
-0.74269726
-0.74269726
-0.74269726
-2.2593541
-2.2593541
-2.2593541
-2.2593541
-2.2593541
-2.2593541
-2.2593541
-2.2593541
-2.2593541
-2.2593541
-3.8141943
-3.8141943
-3.8141943
-3.8141943
-3.8141943
-3.8141943
-3.8141943
-3.8141943
-3.8141943
-3.8141943
-5.4844191
-5.4844191
-5.4844191
-5.4844191
-5.4844191
-5.4844191
-5.4844191
-5.4844191
-5.4844191
-5.4844191
-7.1693628
-7.1693628
-7.1693628
-7.1693628
-7.1693628
-7.1693628
-7.1693628
-7.1693628
-7.1693628
-7.1693628
-8.9688417
-8.9688417
-8.9688417
-8.9688417
-8.9688417
-8.9688417
-8.9688417
-8.9688417
-8.9688417
-8.9688417
-10.73718
-10.73718
-10.73718
-10.73718
-10.73718
-10.73718
-10.73718
-10.73718
-10.73718
-10.73718
-12.653106
-12.653106
-12.653106
-12.653106
-12.653106
-12.653106
-12.653106
-12.653106
-12.653106
-12.653106
-14.446795
-14.446795
-14.446795
-14.446795
-14.446795
-14.446795
-14.446795
-14.446795
-14.446795
-14.446795
-16.506427
-16.506427
-16.506427
-16.506427
-16.506427
-16.506427
-16.506427
-16.506427
-16.506427
-16.506427
-18.227368
-18.227368
-18.227368
-18.227368
-18.227368
-18.227368
-18.227368
-18.227368
-18.227368
-18.227368
-20.005919
-20.005919
-20.005919
-20.005919
-20.005919
-20.005919
-20.005919
-20.005919
-20.005919
-20.005919
-22.007739
-22.007739
-22.007739
-22.007739
-22.007739
-22.007739
-22.007739
-22.007739
-22.007739
-22.007739
-23.819785
-23.819785
-23.819785
-23.819785
-23.819785
-23.819785
-23.819785
-23.819785
-23.819785
-23.819785
-25.717337
-25.717337
-25.717337
-25.717337
-25.717337
-25.717337
-25.717337
-25.717337
-25.717337
-25.717337
-27.491519
-27.491519
-27.491519
-27.491519
-27.491519
-27.491519
-27.491519
-27.491519
-27.491519
-27.491519
-29.285827
-29.285827
-29.285827
-29.285827
-29.285827
-29.285827
-29.285827
-29.285827
-29.285827
-29.285827
-30.971157
-30.971157
-30.971157
-30.971157
-30.971157
-30.971157
-30.971157
-30.971157
-30.971157
-30.971157
-32.64196
-32.64196
-32.64196
-32.64196
-32.64196
-32.64196
-32.64196
-32.64196
-32.64196
-32.64196
-34.194
-34.194
-34.194
-34.194
-34.194
-34.194
-34.194
-34.194
-34.194
-34.194
-1.4933802
-1.4933802
-1.4933802
-1.4933802
-1.4933802
-1.4933802
-1.4933802
-1.4933802
-1.4933802
-1.4933802
0.44497619
0.44497619
0.44497619
0.44497619
0.44497619
0.44497619
0.44497619
0.44497619
0.44497619
0.44497619
2.2422843
2.2422843
2.2422843
2.2422843
2.2422843
2.2422843
2.2422843
2.2422843
2.2422843
2.2422843
3.6535117
3.6535117
3.6535117
3.6535117
3.6535117
3.6535117
3.6535117
3.6535117
3.6535117
3.6535117
4.9767395
4.9767395
4.9767395
4.9767395
4.9767395
4.9767395
4.9767395
4.9767395
4.9767395
4.9767395
5.8989104
5.8989104
5.8989104
5.8989104
5.8989104
5.8989104
5.8989104
5.8989104
5.8989104
5.8989104
6.7795571
6.7795571
6.7795571
6.7795571
6.7795571
6.7795571
6.7795571
6.7795571
6.7795571
6.7795571
7.2527639
7.2527639
7.2527639
7.2527639
7.2527639
7.2527639
7.2527639
7.2527639
7.2527639
7.2527639
7.7160351
7.7160351
7.7160351
7.7160351
7.7160351
7.7160351
7.7160351
7.7160351
7.7160351
7.7160351
7.7866896
7.7866896
7.7866896
7.7866896
7.7866896
7.7866896
7.7866896
7.7866896
7.7866896
7.7866896
7.8550554
7.8550554
7.8550554
7.8550554
7.8550554
7.8550554
7.8550554
7.8550554
7.8550554
7.8550554
7.5716748
7.5716748
7.5716748
7.5716748
7.5716748
7.5716748
7.5716748
7.5716748
7.5716748
7.5716748
7.2852596
7.2852596
7.2852596
7.2852596
7.2852596
7.2852596
7.2852596
7.2852596
7.2852596
7.2852596
6.6785952
6.6785952
6.6785952
6.6785952
6.6785952
6.6785952
6.6785952
6.6785952
6.6785952
6.6785952
6.0607785
6.0607785
6.0607785
6.0607785
6.0607785
6.0607785
6.0607785
6.0607785
6.0607785
6.0607785
5.1782925
5.1782925
5.1782925
5.1782925
5.1782925
5.1782925
5.1782925
5.1782925
5.1782925
5.1782925
4.2659769
4.2659769
4.2659769
4.2659769
4.2659769
4.2659769
4.2659769
4.2659769
4.2659769
4.2659769
3.1414778
3.1414778
3.1414778
3.1414778
3.1414778
3.1414778
3.1414778
3.1414778
3.1414778
3.1414778
1.9741882
1.9741882
1.9741882
1.9741882
1.9741882
1.9741882
1.9741882
1.9741882
1.9741882
1.9741882
0.63881926
0.63881926
0.63881926
0.63881926
0.63881926
0.63881926
0.63881926
0.63881926
0.63881926
0.63881926
-0.74269726
-0.74269726
-0.74269726
-0.74269726
-0.74269726
-0.74269726
-0.74269726
-0.74269726
-0.74269726
-0.74269726
-2.2593541
-2.2593541
-2.2593541
-2.2593541
-2.2593541
-2.2593541
-2.2593541
-2.2593541
-2.2593541
-2.2593541
-3.8141943
-3.8141943
-3.8141943
-3.8141943
-3.8141943
-3.8141943
-3.8141943
-3.8141943
-3.8141943
-3.8141943
-5.4844191
-5.4844191
-5.4844191
-5.4844191
-5.4844191
-5.4844191
-5.4844191
-5.4844191
-5.4844191
-5.4844191
-7.1693628
-7.1693628
-7.1693628
-7.1693628
-7.1693628
-7.1693628
-7.1693628
-7.1693628
-7.1693628
-7.1693628
-8.9688417
-8.9688417
-8.9688417
-8.9688417
-8.9688417
-8.9688417
-8.9688417
-8.9688417
-8.9688417
-8.9688417
-10.73718
-10.73718
-10.73718
-10.73718
-10.73718
-10.73718
-10.73718
-10.73718
-10.73718
-10.73718
-12.653106
-12.653106
-12.653106
-12.653106
-12.653106
-12.653106
-12.653106
-12.653106
-12.653106
-12.653106
-14.446795
-14.446795
-14.446795
-14.446795
-14.446795
-14.446795
-14.446795
-14.446795
-14.446795
-14.446795
-16.506427
-16.506427
-16.506427
-16.506427
-16.506427
-16.506427
-16.506427
-16.506427
-16.506427
-16.506427
-18.227368
-18.227368
-18.227368
-18.227368
-18.227368
-18.227368
-18.227368
-18.227368
-18.227368
-18.227368
-20.005919
-20.005919
-20.005919
-20.005919
-20.005919
-20.005919
-20.005919
-20.005919
-20.005919
-20.005919
-22.007739
-22.007739
-22.007739
-22.007739
-22.007739
-22.007739
-22.007739
-22.007739
-22.007739
-22.007739
-23.819785
-23.819785
-23.819785
-23.819785
-23.819785
-23.819785
-23.819785
-23.819785
-23.819785
-23.819785
-25.717337
-25.717337
-25.717337
-25.717337
-25.717337
-25.717337
-25.717337
-25.717337
-25.717337
-25.717337
-27.491519
-27.491519
-27.491519
-27.491519
-27.491519
-27.491519
-27.491519
-27.491519
-27.491519
-27.491519
-29.285827
-29.285827
-29.285827
-29.285827
-29.285827
-29.285827
-29.285827
-29.285827
-29.285827
-29.285827
-30.971157
-30.971157
-30.971157
-30.971157
-30.971157
-30.971157
-30.971157
-30.971157
-30.971157
-30.971157
-32.64196
-32.64196
-32.64196
-32.64196
-32.64196
-32.64196
-32.64196
-32.64196
-32.64196
-32.64196
-34.194
-34.194
-34.194
-34.194
-34.194
-34.194
-34.194
-34.194
-34.194
-34.194
-1.4933802
-1.4933802
-1.4933802
-1.4933802
-1.4933802
-1.4933802
-1.4933802
-1.4933802
-1.4933802
-1.4933802
0.44497619
0.44497619
0.44497619
0.44497619
0.44497619
0.44497619
0.44497619
0.44497619
0.44497619
0.44497619
2.2422843
2.2422843
2.2422843
2.2422843
2.2422843
2.2422843
2.2422843
2.2422843
2.2422843
2.2422843
3.6535117
3.6535117
3.6535117
3.6535117
3.6535117
3.6535117
3.6535117
3.6535117
3.6535117
3.6535117
4.9767395
4.9767395
4.9767395
4.9767395
4.9767395
4.9767395
4.9767395
4.9767395
4.9767395
4.9767395
5.8989104
5.8989104
5.8989104
5.8989104
5.8989104
5.8989104
5.8989104
5.8989104
5.8989104
5.8989104
6.7795571
6.7795571
6.7795571
6.7795571
6.7795571
6.7795571
6.7795571
6.7795571
6.7795571
6.7795571
7.2527639
7.2527639
7.2527639
7.2527639
7.2527639
7.2527639
7.2527639
7.2527639
7.2527639
7.2527639
7.7160351
7.7160351
7.7160351
7.7160351
7.7160351
7.7160351
7.7160351
7.7160351
7.7160351
7.7160351
7.7866896
7.7866896
7.7866896
7.7866896
7.7866896
7.7866896
7.7866896
7.7866896
7.7866896
7.7866896
7.8550554
7.8550554
7.8550554
7.8550554
7.8550554
7.8550554
7.8550554
7.8550554
7.8550554
7.8550554
7.5716748
7.5716748
7.5716748
7.5716748
7.5716748
7.5716748
7.5716748
7.5716748
7.5716748
7.5716748
7.2852596
7.2852596
7.2852596
7.2852596
7.2852596
7.2852596
7.2852596
7.2852596
7.2852596
7.2852596
6.6785952
6.6785952
6.6785952
6.6785952
6.6785952
6.6785952
6.6785952
6.6785952
6.6785952
6.6785952
6.0607785
6.0607785
6.0607785
6.0607785
6.0607785
6.0607785
6.0607785
6.0607785
6.0607785
6.0607785
5.1782925
5.1782925
5.1782925
5.1782925
5.1782925
5.1782925
5.1782925
5.1782925
5.1782925
5.1782925
4.2659769
4.2659769
4.2659769
4.2659769
4.2659769
4.2659769
4.2659769
4.2659769
4.2659769
4.2659769
3.1414778
3.1414778
3.1414778
3.1414778
3.1414778
3.1414778
3.1414778
3.1414778
3.1414778
3.1414778
1.9741882
1.9741882
1.9741882
1.9741882
1.9741882
1.9741882
1.9741882
1.9741882
1.9741882
1.9741882
0.63881926
0.63881926
0.63881926
0.63881926
0.63881926
0.63881926
0.63881926
0.63881926
0.63881926
0.63881926
-0.74269726
-0.74269726
-0.74269726
-0.74269726
-0.74269726
-0.74269726
-0.74269726
-0.74269726
-0.74269726
-0.74269726
-2.2593541
-2.2593541
-2.2593541
-2.2593541
-2.2593541
-2.2593541
-2.2593541
-2.2593541
-2.2593541
-2.2593541
-3.8141943
-3.8141943
-3.8141943
-3.8141943
-3.8141943
-3.8141943
-3.8141943
-3.8141943
-3.8141943
-3.8141943
-5.4844191
-5.4844191
-5.4844191
-5.4844191
-5.4844191
-5.4844191
-5.4844191
-5.4844191
-5.4844191
-5.4844191
-7.1693628
-7.1693628
-7.1693628
-7.1693628
-7.1693628
-7.1693628
-7.1693628
-7.1693628
-7.1693628
-7.1693628
-8.9688417
-8.9688417
-8.9688417
-8.9688417
-8.9688417
-8.9688417
-8.9688417
-8.9688417
-8.9688417
-8.9688417
-10.73718
-10.73718
-10.73718
-10.73718
-10.73718
-10.73718
-10.73718
-10.73718
-10.73718
-10.73718
-12.653106
-12.653106
-12.653106
-12.653106
-12.653106
-12.653106
-12.653106
-12.653106
-12.653106
-12.653106
-14.446795
-14.446795
-14.446795
-14.446795
-14.446795
-14.446795
-14.446795
-14.446795
-14.446795
-14.446795
-16.506427
-16.506427
-16.506427
-16.506427
-16.506427
-16.506427
-16.506427
-16.506427
-16.506427
-16.506427
-18.227368
-18.227368
-18.227368
-18.227368
-18.227368
-18.227368
-18.227368
-18.227368
-18.227368
-18.227368
-20.005919
-20.005919
-20.005919
-20.005919
-20.005919
-20.005919
-20.005919
-20.005919
-20.005919
-20.005919
-22.007739
-22.007739
-22.007739
-22.007739
-22.007739
-22.007739
-22.007739
-22.007739
-22.007739
-22.007739
-23.819785
-23.819785
-23.819785
-23.819785
-23.819785
-23.819785
-23.819785
-23.819785
-23.819785
-23.819785
-25.717337
-25.717337
-25.717337
-25.717337
-25.717337
-25.717337
-25.717337
-25.717337
-25.717337
-25.717337
-27.491519
-27.491519
-27.491519
-27.491519
-27.491519
-27.491519
-27.491519
-27.491519
-27.491519
-27.491519
-29.285827
-29.285827
-29.285827
-29.285827
-29.285827
-29.285827
-29.285827
-29.285827
-29.285827
-29.285827
-30.971157
-30.971157
-30.971157
-30.971157
-30.971157
-30.971157
-30.971157
-30.971157
-30.971157
-30.971157
-32.64196
-32.64196
-32.64196
-32.64196
-32.64196
-32.64196
-32.64196
-32.64196
-32.64196
-32.64196
-34.194
-34.194
-34.194
-34.194
-34.194
-34.194
-34.194
-34.194
-34.194
-34.194
)
;
    }
    bottom
    {
        type            fixedGradient;
        gradient        uniform 60;
    }
}


// ************************************************************************* //
